"","symmetry Frequency","symmetry Rel. Freq.","symmetry Cum. Freq.","symmetry Rel. Cum. Freq."
"1",579,82.8326180257511,579,9.82521635839131
"2",35,5.0071530758226,614,10.419141354149
"3",33,4.72103004291846,647,10.9791277787205
"4",12,1.71673819742489,659,11.1827592058374
"5",6,0.858369098712446,665,11.2845749193959
"6",3,0.429184549356223,668,11.3354827761751
"7",9,1.28755364806867,677,11.4882063465128
"8",8,1.1444921316166,685,11.6239606312574
"10",14,2.00286123032904,699,11.8615306295605
